# SNID:                      2024srp                  
# SPECTRUM_ID:               1
# SPECTRUM_MJD:              60529.20
# SPECTRUM_TELESCOPE:        P60
# SPECTRUM_INSTRUMENT:       SEDM
# SPECTRUM_TEXPOSE:          2700.0  
# SPECTRUM_STAT_SNR:         3.79    
# SPECTRUM_SYS_SNR:          60.05   
# SPECTRUM_VEXP:             1.827e-03
# SPECTRUM_NLAM:             214   
# SPECTRUM_INFILE:           2024srp_60529.20_SEDM.ascii
# -------------------------------------- #
#   WAVE     FLUX        FLUX_STATERR  FLUX_SYSERR 
    3776.70  9.03000e-16  1.07424e-15  4.51500e-18
    3802.30  2.40100e-16  5.16140e-16  1.20050e-18
    3827.90  6.04700e-17  4.52106e-16  8.57757e-19
    3853.40  5.97400e-16  8.87468e-16  2.98700e-18
    3879.00  5.53500e-16  8.67929e-16  2.76750e-18
    3904.60  6.48300e-16  6.79706e-16  3.24150e-18
    3930.10  5.76100e-16  7.27805e-16  2.88050e-18
    3955.70  6.01500e-16  7.84793e-16  3.00750e-18
    3981.30  4.39600e-16  5.96825e-16  2.19800e-18
    4006.80  2.97800e-16  5.53895e-16  1.48900e-18
    4032.40  4.60000e-16  4.02244e-16  2.30000e-18
    4058.00  3.66700e-16  3.70945e-16  1.83350e-18
    4083.60 -7.21600e-17  1.66283e-16  9.28915e-19
    4109.10  7.89400e-17  1.67033e-16  8.84539e-19
    4134.70  1.73500e-16  1.44049e-16  8.67500e-19
    4160.30  2.29100e-16  1.38528e-16  1.14550e-18
    4185.80  2.73000e-16  1.42021e-16  1.36500e-18
    4211.40  9.83400e-17  1.44049e-16  1.03997e-18
    4237.00  2.14700e-16  1.22434e-16  1.13734e-18
    4262.60  1.39200e-16  1.33679e-16  1.21643e-18
    4288.10  3.16300e-16  3.44964e-16  1.58150e-18
    4313.70  4.47200e-16  3.68917e-16  2.23600e-18
    4339.30  3.52800e-16  3.13736e-16  1.76400e-18
    4364.80  4.74900e-16  3.14738e-16  2.37450e-18
    4390.40  3.53500e-16  3.30303e-16  1.76750e-18
    4416.00  3.45400e-16  1.18701e-16  1.72700e-18
    4441.60  4.11900e-16  2.58979e-16  2.05950e-18
    4467.10  2.33600e-16  1.07517e-16  1.63001e-18
    4492.70  2.08100e-16  9.60677e-17  1.61563e-18
    4518.30  3.03800e-16  2.44826e-16  1.56252e-18
    4543.80  1.42000e-16  8.34266e-17  1.44229e-18
    4569.40  1.24800e-16  8.23225e-17  1.28643e-18
    4595.00  8.41200e-17  3.74166e-17  1.18990e-18
    4620.50  1.31000e-16  1.49700e-16  1.10236e-18
    4646.10  1.44700e-16  7.43034e-17  1.06162e-18
    4671.70  1.01300e-16  7.25810e-17  1.07470e-18
    4697.30  1.56400e-16  1.24940e-16  1.08658e-18
    4722.80  1.43500e-16  6.96850e-17  1.08667e-18
    4748.40  1.16000e-16  6.76461e-17  1.09785e-18
    4774.00  2.07400e-16  5.99667e-17  1.09135e-18
    4799.50  2.03000e-16  6.58331e-17  1.09144e-18
    4825.10  2.12400e-16  6.44515e-17  1.10597e-18
    4850.70  1.99200e-16  6.32297e-17  1.13651e-18
    4876.30  2.39500e-16  5.98999e-17  1.19750e-18
    4901.80  1.94900e-16  1.48694e-16  1.21733e-18
    4927.40  1.87900e-16  5.14976e-17  1.24942e-18
    4953.00  1.48200e-16  5.20384e-17  1.28632e-18
    4978.50  1.95200e-16  1.42548e-16  1.32911e-18
    5004.10  1.66600e-16  1.30461e-16  1.40574e-18
    5029.70  1.72800e-16  4.87442e-17  1.53208e-18
    5055.30  1.55800e-16  1.20789e-16  1.73124e-18
    5080.80  1.40400e-16  1.30996e-16  1.96172e-18
    5106.40  1.07000e-16  4.73286e-17  2.17182e-18
    5132.00  1.96400e-16  1.08582e-16  2.29098e-18
    5157.50  1.00800e-16  4.17493e-17  2.30668e-18
    5183.10  1.09400e-16  1.11131e-16  2.22509e-18
    5208.70  1.02700e-16  3.85876e-17  2.06521e-18
    5234.20  1.53100e-16  1.04355e-16  1.90946e-18
    5259.80  1.38300e-16  4.41362e-17  1.74232e-18
    5285.40  1.22700e-16  5.40925e-17  1.58934e-18
    5311.00  1.62900e-16  9.79183e-17  1.47439e-18
    5336.50  2.15600e-16  1.05877e-16  1.36827e-18
    5362.10  1.83400e-16  1.03779e-16  1.28632e-18
    5387.70  1.76400e-16  9.97497e-17  1.23767e-18
    5413.20  1.73100e-16  9.62653e-17  1.26807e-18
    5438.80  1.60800e-16  1.02176e-16  1.36115e-18
    5464.40  1.60500e-16  8.69713e-17  1.54111e-18
    5490.00  1.82800e-16  3.14833e-17  1.79074e-18
    5515.50  2.36500e-16  1.00499e-16  2.18537e-18
    5541.10  2.26400e-16  1.16447e-16  2.44261e-18
    5566.70  2.06800e-16  9.17115e-17  2.77356e-18
    5592.20  1.47700e-16  2.66120e-17  3.04740e-18
    5617.80  1.73400e-16  8.98443e-17  3.21773e-18
    5643.40  1.35200e-16  3.53553e-17  3.26233e-18
    5668.90  1.92300e-16  7.95299e-17  3.17736e-18
    5694.50  1.42100e-16  2.68812e-17  2.98928e-18
    5720.10  1.34500e-16  2.89810e-17  2.75117e-18
    5745.70  1.47800e-16  7.98373e-17  2.53149e-18
    5771.20  1.21200e-16  6.76905e-17  2.37280e-18
    5796.80  1.05100e-16  2.77381e-17  2.32368e-18
    5822.40  1.23700e-16  7.27530e-17  2.39326e-18
    5847.90  1.48500e-16  7.18610e-17  2.55837e-18
    5873.50  1.68900e-16  6.08605e-17  2.78265e-18
    5899.10  1.47100e-16  6.45988e-17  3.01998e-18
    5924.70  1.81200e-16  8.02870e-17  3.19692e-18
    5950.20  1.41500e-16  6.62042e-17  3.30304e-18
    5975.80  1.76100e-16  6.45213e-17  3.34207e-18
    6001.40  1.59100e-16  5.89915e-17  3.32016e-18
    6026.90  1.64800e-16  6.71342e-17  3.26834e-18
    6052.50  1.37800e-16  6.09098e-17  3.19115e-18
    6078.10  1.46500e-16  6.56430e-17  3.10404e-18
    6103.70  1.86900e-16  5.84722e-17  3.01612e-18
    6129.20  1.61200e-16  5.47357e-17  2.93186e-18
    6154.80  1.20900e-16  5.68859e-17  2.85553e-18
    6180.40  1.37500e-16  5.81464e-17  2.77951e-18
    6205.90  1.50900e-16  6.27615e-17  2.70441e-18
    6231.50  1.99500e-16  6.48074e-17  2.63788e-18
    6257.10  2.23500e-16  6.12046e-17  2.60356e-18
    6282.60  2.22400e-16  4.76130e-17  2.48715e-18
    6308.20  1.72100e-16  4.49555e-17  2.40106e-18
    6333.80  1.38100e-16  4.99700e-17  2.31293e-18
    6359.40  1.25600e-16  1.91311e-17  2.22771e-18
    6384.90  1.39500e-16  5.07445e-17  2.15769e-18
    6410.50  1.30000e-16  4.96890e-17  2.12651e-18
    6436.10  1.34800e-16  5.33667e-17  2.12546e-18
    6461.60  1.23900e-16  4.48330e-17  2.15012e-18
    6487.20  1.09300e-16  1.90263e-17  2.19793e-18
    6512.80  9.95100e-17  4.24028e-17  2.25433e-18
    6538.40  6.95900e-17  4.41928e-17  2.27152e-18
    6563.90  1.09000e-16  4.35546e-17  2.27830e-18
    6589.50  1.19700e-16  3.70945e-17  2.26049e-18
    6615.10  1.30500e-16  3.81314e-17  2.27486e-18
    6640.60  1.57200e-16  3.98999e-17  2.23468e-18
    6666.20  1.59300e-16  4.14246e-17  2.23233e-18
    6691.80  1.66600e-16  3.62905e-17  2.24830e-18
    6717.40  1.91400e-16  3.85746e-17  2.28562e-18
    6742.90  2.08000e-16  3.87298e-17  2.41601e-18
    6768.50  1.94200e-16  3.60694e-17  2.43011e-18
    6794.10  1.84100e-16  3.71484e-17  2.47746e-18
    6819.60  1.99400e-16  3.64005e-17  2.51708e-18
    6845.20  1.70400e-16  3.04664e-17  2.53395e-18
    6870.80  1.43900e-16  3.36303e-17  2.52644e-18
    6896.30  1.64500e-16  3.70540e-17  2.53084e-18
    6921.90  1.71600e-16  3.64692e-17  2.50898e-18
    6947.50  1.69300e-16  3.56791e-17  2.55726e-18
    6973.10  1.79800e-16  3.19687e-17  2.61433e-18
    6998.60  1.92700e-16  3.47419e-17  2.70309e-18
    7024.20  1.81200e-16  3.15373e-17  2.82906e-18
    7049.80  1.54300e-16  3.08302e-17  2.97637e-18
    7075.30  1.31300e-16  2.97607e-17  3.11668e-18
    7100.90  1.42900e-16  3.02523e-17  3.22386e-18
    7126.50  1.80700e-16  3.23110e-17  3.26867e-18
    7152.10  1.63900e-16  3.16228e-17  3.24883e-18
    7177.60  1.52600e-16  3.46699e-17  3.15199e-18
    7203.20  1.79900e-16  3.45832e-17  2.99594e-18
    7228.80  1.70800e-16  3.36155e-17  2.79347e-18
    7254.30  1.49300e-16  3.07360e-17  2.58406e-18
    7279.90  1.37500e-16  2.98429e-17  2.41404e-18
    7305.50  1.21000e-16  2.78173e-17  2.13649e-18
    7331.10  1.24300e-16  2.38642e-17  1.95923e-18
    7356.60  1.22200e-16  2.28473e-17  1.82003e-18
    7382.20  1.08500e-16  2.54342e-17  1.71338e-18
    7407.80  1.07500e-16  2.58438e-17  1.69483e-18
    7433.30  1.08400e-16  2.87054e-17  1.75273e-18
    7458.90  1.13200e-16  2.67283e-17  1.83326e-18
    7484.50  1.15900e-16  2.57235e-17  1.99101e-18
    7510.00  1.21600e-16  2.47204e-17  2.18822e-18
    7535.60  1.35600e-16  2.08351e-17  2.39600e-18
    7561.20  1.16000e-16  2.47326e-17  2.62147e-18
    7586.80  1.02100e-16  2.67226e-17  2.83208e-18
    7612.30  1.15500e-16  3.41174e-17  3.02903e-18
    7637.90  1.09900e-16  3.63043e-17  3.17465e-18
    7663.50  1.15300e-16  3.39411e-17  3.28966e-18
    7689.00  1.42000e-16  3.13640e-17  3.38350e-18
    7714.60  1.46200e-16  2.74500e-17  3.48345e-18
    7740.20  1.18800e-16  2.40853e-17  3.32636e-18
    7765.80  1.16600e-16  2.19636e-17  3.20975e-18
    7791.30  1.41200e-16  1.87963e-17  3.05909e-18
    7816.90  1.59400e-16  2.21020e-17  2.96325e-18
    7842.50  1.48600e-16  1.96469e-17  2.73669e-18
    7868.00  1.29400e-16  2.04841e-17  2.51981e-18
    7893.60  1.03000e-16  2.07990e-17  2.35368e-18
    7919.20  8.59300e-17  2.10167e-17  2.25908e-18
    7944.70  8.56200e-17  2.25898e-17  2.14270e-18
    7970.30  9.08500e-17  2.19294e-17  2.11537e-18
    7995.90  8.73500e-17  2.01668e-17  2.14219e-18
    8021.50  8.43700e-17  2.35669e-17  2.25078e-18
    8047.00  9.31300e-17  2.60519e-17  2.41259e-18
    8072.60  9.50300e-17  2.91015e-17  2.61901e-18
    8098.20  9.10200e-17  2.99182e-17  2.86242e-18
    8123.70  9.51400e-17  2.89845e-17  3.15366e-18
    8149.30  1.06100e-16  2.93206e-17  3.40705e-18
    8174.90  1.10400e-16  2.79446e-17  3.74386e-18
    8200.50  8.72700e-17  2.91805e-17  3.81432e-18
    8226.00  1.22400e-16  3.50143e-17  3.98458e-18
    8251.60  1.24200e-16  3.46699e-17  4.00095e-18
    8277.20  1.37700e-16  3.33916e-17  3.99247e-18
    8302.70  1.12600e-16  2.97825e-17  3.84652e-18
    8328.30  8.94000e-17  2.68291e-17  3.86901e-18
    8353.90  8.96000e-17  2.38558e-17  3.61283e-18
    8379.50  1.10600e-16  2.46232e-17  3.35803e-18
    8405.00  1.24900e-16  2.18792e-17  3.22141e-18
    8430.60  1.15600e-16  2.12321e-17  3.03054e-18
    8456.20  1.18100e-16  2.05232e-17  2.87500e-18
    8481.70  1.10300e-16  2.21856e-17  2.70276e-18
    8507.30  1.04100e-16  2.45845e-17  2.65984e-18
    8532.90  1.12300e-16  2.49419e-17  2.45629e-18
    8558.40  1.27600e-16  2.40021e-17  2.34571e-18
    8584.00  1.26200e-16  2.47164e-17  2.28219e-18
    8609.60  1.13600e-16  2.37550e-17  2.19198e-18
    8635.20  9.38300e-17  1.91364e-17  2.15005e-18
    8660.70  7.46500e-17  2.01668e-17  2.07085e-18
    8686.30  8.41300e-17  1.99023e-17  2.02878e-18
    8711.90  9.32300e-17  2.38076e-17  1.97733e-18
    8737.40  8.82800e-17  3.02010e-17  1.94185e-18
    8763.00  8.29800e-17  2.81780e-17  1.91155e-18
    8788.60  7.15100e-17  2.40250e-17  2.05022e-18
    8814.20  5.88400e-17  2.71790e-17  1.94212e-18
    8839.70  5.54800e-17  2.66064e-17  1.87367e-18
    8865.30  6.79300e-17  2.38914e-17  1.89794e-18
    8890.90  9.07000e-17  2.16056e-17  1.95088e-18
    8916.40  1.04400e-16  2.47245e-17  1.85007e-18
    8942.00  1.21600e-16  2.74317e-17  2.08379e-18
    8967.60  1.25700e-16  2.81123e-17  1.92408e-18
    8993.20  1.25200e-16  2.85727e-17  1.84497e-18
    9018.70  1.28500e-16  2.95212e-17  1.97338e-18
    9044.30  1.39200e-16  3.00583e-17  1.85116e-18
    9069.90  1.37300e-16  2.84833e-17  1.93003e-18
    9095.40  1.24500e-16  3.07067e-17  1.88481e-18
    9121.00  1.22600e-16  2.88687e-17  1.93449e-18
    9146.60  1.20400e-16  3.04335e-17  2.08518e-18
    9172.10  1.16300e-16  3.03134e-17  2.06689e-18
    9197.70  1.11400e-16  3.08026e-17  2.15227e-18
    9223.30  9.29300e-17  3.33467e-17  2.09911e-18
# -------------------------------------- #
