# SNID:                      ZTF18aabstmw             
# SPECTRUM_ID:               1
# SPECTRUM_MJD:              58184.00
# SPECTRUM_TELESCOPE:        P60
# SPECTRUM_INSTRUMENT:       SEDM
# SPECTRUM_TEXPOSE:          1800.0  
# SPECTRUM_STAT_SNR:         -9.00   
# SPECTRUM_SYS_SNR:          200.00  
# SPECTRUM_VEXP:             1.534e-03
# SPECTRUM_NLAM:             208   
# SPECTRUM_INFILE:           ZTF18aabstmw_58184.00_SEDM.ascii
# -------------------------------------- #
#   WAVE     FLUX        FLUX_STATERR  FLUX_SYSERR 
    3811.00  9.00880e-17 -9.90000e+01  7.83853e-18
    3826.00 -4.30170e-17 -9.90000e+01  7.66796e-18
    3841.00  6.92280e-17 -9.90000e+01  7.47667e-18
    3855.90  2.74970e-16 -9.90000e+01  7.27370e-18
    3870.80  3.07300e-16 -9.90000e+01  7.06788e-18
    3885.70  2.03810e-16 -9.90000e+01  6.86979e-18
    3900.60  1.61870e-16 -9.90000e+01  6.68724e-18
    3915.50  2.76590e-16 -9.90000e+01  6.52122e-18
    3930.30  2.90170e-16 -9.90000e+01  6.36413e-18
    3945.20  3.42700e-16 -9.90000e+01  6.19570e-18
    3960.10  2.96510e-16 -9.90000e+01  5.99308e-18
    3974.90  3.49700e-16 -9.90000e+01  5.73563e-18
    3989.80  4.95520e-16 -9.90000e+01  5.40626e-18
    4004.60  4.17560e-16 -9.90000e+01  5.00994e-18
    4019.50  3.70140e-16 -9.90000e+01  4.55723e-18
    4034.40  3.95150e-16 -9.90000e+01  4.07890e-18
    4049.20  3.90250e-16 -9.90000e+01  3.61249e-18
    4064.10  3.27290e-16 -9.90000e+01  3.18522e-18
    4079.00  2.79820e-16 -9.90000e+01  2.82754e-18
    4093.90  2.61300e-16 -9.90000e+01  2.56675e-18
    4108.90  2.22500e-16 -9.90000e+01  2.38070e-18
    4123.80  1.87860e-16 -9.90000e+01  2.30347e-18
    4138.80  1.59410e-16 -9.90000e+01  2.31058e-18
    4153.80  1.92960e-16 -9.90000e+01  2.38833e-18
    4168.80  2.14020e-16 -9.90000e+01  2.53495e-18
    4183.80  2.52780e-16 -9.90000e+01  2.72543e-18
    4198.90  2.43200e-16 -9.90000e+01  2.93893e-18
    4214.00  2.05370e-16 -9.90000e+01  3.16030e-18
    4229.20  1.75470e-16 -9.90000e+01  3.36052e-18
    4244.30  1.54880e-16 -9.90000e+01  3.51189e-18
    4259.50  2.27220e-16 -9.90000e+01  3.61742e-18
    4274.80  1.77430e-16 -9.90000e+01  3.64242e-18
    4290.10  1.57900e-16 -9.90000e+01  3.60836e-18
    4305.40  1.83180e-16 -9.90000e+01  3.52185e-18
    4320.80  1.58850e-16 -9.90000e+01  3.40016e-18
    4336.20  1.51450e-16 -9.90000e+01  3.26702e-18
    4351.70  1.86990e-16 -9.90000e+01  3.13946e-18
    4367.20  2.04850e-16 -9.90000e+01  3.02159e-18
    4382.80  1.62570e-16 -9.90000e+01  2.91721e-18
    4398.40  1.37090e-16 -9.90000e+01  2.83174e-18
    4414.10  1.53130e-16 -9.90000e+01  2.77069e-18
    4429.80  1.48750e-16 -9.90000e+01  2.71443e-18
    4445.60  1.30640e-16 -9.90000e+01  2.65185e-18
    4461.50  1.70070e-16 -9.90000e+01  2.58779e-18
    4477.40  1.85540e-16 -9.90000e+01  2.50779e-18
    4493.40  2.54810e-16 -9.90000e+01  2.41415e-18
    4509.50  3.05400e-16 -9.90000e+01  2.32116e-18
    4525.60  2.97130e-16 -9.90000e+01  2.22426e-18
    4541.80  2.89810e-16 -9.90000e+01  2.12895e-18
    4558.10  3.00970e-16 -9.90000e+01  2.04500e-18
    4574.50  3.14260e-16 -9.90000e+01  1.98503e-18
    4590.90  3.48360e-16 -9.90000e+01  1.94416e-18
    4607.40  3.29970e-16 -9.90000e+01  1.92290e-18
    4624.00  3.37530e-16 -9.90000e+01  1.91790e-18
    4640.70  3.30530e-16 -9.90000e+01  1.92745e-18
    4657.40  3.27700e-16 -9.90000e+01  1.94803e-18
    4674.30  3.52380e-16 -9.90000e+01  1.97665e-18
    4691.20  3.41070e-16 -9.90000e+01  2.01122e-18
    4708.30  2.99900e-16 -9.90000e+01  2.04911e-18
    4725.40  2.93160e-16 -9.90000e+01  2.09344e-18
    4742.60  2.97740e-16 -9.90000e+01  2.13691e-18
    4759.90  3.29490e-16 -9.90000e+01  2.18909e-18
    4777.30  3.11890e-16 -9.90000e+01  2.24626e-18
    4794.80  3.21020e-16 -9.90000e+01  2.31183e-18
    4812.40  3.09460e-16 -9.90000e+01  2.38250e-18
    4830.10  2.67600e-16 -9.90000e+01  2.45907e-18
    4848.00  2.73340e-16 -9.90000e+01  2.53349e-18
    4865.90  2.82990e-16 -9.90000e+01  2.59394e-18
    4883.90  2.53560e-16 -9.90000e+01  2.63501e-18
    4902.10  2.91350e-16 -9.90000e+01  2.64408e-18
    4920.30  2.54700e-16 -9.90000e+01  2.61946e-18
    4938.70  2.44960e-16 -9.90000e+01  2.56454e-18
    4957.20  2.09600e-16 -9.90000e+01  2.47711e-18
    4975.80  2.27130e-16 -9.90000e+01  2.36660e-18
    4994.50  1.92580e-16 -9.90000e+01  2.24170e-18
    5013.30  1.98290e-16 -9.90000e+01  2.10794e-18
    5032.30  2.02070e-16 -9.90000e+01  1.97505e-18
    5051.40  2.20370e-16 -9.90000e+01  1.82140e-18
    5070.60  2.87820e-16 -9.90000e+01  1.66933e-18
    5089.90  2.99680e-16 -9.90000e+01  1.51598e-18
    5109.40  2.77180e-16 -9.90000e+01  1.38590e-18
    5129.00  2.70710e-16 -9.90000e+01  1.35355e-18
    5148.80  2.61290e-16 -9.90000e+01  1.30645e-18
    5168.60  2.45710e-16 -9.90000e+01  1.22855e-18
    5188.60  2.54410e-16 -9.90000e+01  1.27205e-18
    5208.80  2.71370e-16 -9.90000e+01  1.35685e-18
    5229.10  2.64630e-16 -9.90000e+01  1.32315e-18
    5249.50  2.64660e-16 -9.90000e+01  1.32330e-18
    5270.10  2.55440e-16 -9.90000e+01  1.27720e-18
    5290.80  2.64160e-16 -9.90000e+01  1.32080e-18
    5311.60  2.71590e-16 -9.90000e+01  1.35795e-18
    5332.70  2.41090e-16 -9.90000e+01  1.20545e-18
    5353.80  2.05920e-16 -9.90000e+01  1.02960e-18
    5375.10  2.06700e-16 -9.90000e+01  1.03350e-18
    5396.60  2.38220e-16 -9.90000e+01  1.19110e-18
    5418.20  2.23580e-16 -9.90000e+01  1.11790e-18
    5440.00  2.17250e-16 -9.90000e+01  1.08625e-18
    5461.90  2.30250e-16 -9.90000e+01  1.15125e-18
    5484.00  2.11720e-16 -9.90000e+01  1.05860e-18
    5506.30  1.98480e-16 -9.90000e+01  9.92400e-19
    5528.70  1.93000e-16 -9.90000e+01  9.65000e-19
    5551.20  1.88600e-16 -9.90000e+01  9.43000e-19
    5574.00  2.17590e-16 -9.90000e+01  1.08795e-18
    5596.90  2.20730e-16 -9.90000e+01  1.10365e-18
    5620.00  2.11490e-16 -9.90000e+01  1.05745e-18
    5643.20  1.96290e-16 -9.90000e+01  9.81450e-19
    5666.70  1.99440e-16 -9.90000e+01  9.97200e-19
    5690.30  2.07060e-16 -9.90000e+01  1.03530e-18
    5714.00  2.02740e-16 -9.90000e+01  1.01370e-18
    5738.00  2.08230e-16 -9.90000e+01  1.04115e-18
    5762.10  2.07570e-16 -9.90000e+01  1.03785e-18
    5786.40  2.03790e-16 -9.90000e+01  1.01895e-18
    5810.90  1.81750e-16 -9.90000e+01  9.08750e-19
    5835.60  1.61520e-16 -9.90000e+01  8.07600e-19
    5860.50  1.55780e-16 -9.90000e+01  7.78900e-19
    5885.50  1.62730e-16 -9.90000e+01  8.13650e-19
    5910.70  1.66440e-16 -9.90000e+01  8.32200e-19
    5936.10  1.99660e-16 -9.90000e+01  9.98300e-19
    5961.80  2.11880e-16 -9.90000e+01  1.05940e-18
    5987.60  2.15790e-16 -9.90000e+01  1.07895e-18
    6013.60  2.25730e-16 -9.90000e+01  1.12865e-18
    6039.80  2.25100e-16 -9.90000e+01  1.12550e-18
    6066.10  2.13440e-16 -9.90000e+01  1.06720e-18
    6092.70  1.94970e-16 -9.90000e+01  9.74850e-19
    6119.50  1.72730e-16 -9.90000e+01  8.63650e-19
    6146.50  1.50840e-16 -9.90000e+01  7.54200e-19
    6173.70  1.34860e-16 -9.90000e+01  6.74300e-19
    6201.10  1.01980e-16 -9.90000e+01  5.09900e-19
    6228.70  9.33480e-17 -9.90000e+01  4.66740e-19
    6256.50  1.08630e-16 -9.90000e+01  5.43150e-19
    6284.50  1.19290e-16 -9.90000e+01  5.96450e-19
    6312.70  1.25550e-16 -9.90000e+01  6.27750e-19
    6341.20  1.46130e-16 -9.90000e+01  7.30650e-19
    6369.80  1.69650e-16 -9.90000e+01  8.48250e-19
    6398.70  1.86420e-16 -9.90000e+01  9.32100e-19
    6427.80  1.91080e-16 -9.90000e+01  9.55400e-19
    6457.10  1.81960e-16 -9.90000e+01  9.09800e-19
    6486.60  1.98070e-16 -9.90000e+01  9.90350e-19
    6516.30  1.96730e-16 -9.90000e+01  9.83650e-19
    6546.20  1.94310e-16 -9.90000e+01  9.71550e-19
    6576.40  1.86460e-16 -9.90000e+01  9.32300e-19
    6606.80  1.77120e-16 -9.90000e+01  8.85600e-19
    6637.40  1.73230e-16 -9.90000e+01  8.66150e-19
    6668.30  1.66110e-16 -9.90000e+01  8.30550e-19
    6699.40  1.70580e-16 -9.90000e+01  8.52900e-19
    6730.70  1.63390e-16 -9.90000e+01  8.16950e-19
    6762.20  1.52460e-16 -9.90000e+01  7.62300e-19
    6794.00  1.56530e-16 -9.90000e+01  7.82650e-19
    6826.00  1.56360e-16 -9.90000e+01  7.81800e-19
    6858.20  1.52090e-16 -9.90000e+01  7.60450e-19
    6890.70  1.38720e-16 -9.90000e+01  6.93600e-19
    6923.40  1.32990e-16 -9.90000e+01  6.64950e-19
    6956.40  1.34310e-16 -9.90000e+01  6.71550e-19
    6989.50  1.28940e-16 -9.90000e+01  6.44700e-19
    7023.00  1.32150e-16 -9.90000e+01  6.60750e-19
    7056.60  1.38980e-16 -9.90000e+01  6.94900e-19
    7090.60  1.42520e-16 -9.90000e+01  7.12600e-19
    7124.70  1.35380e-16 -9.90000e+01  6.76900e-19
    7159.10  1.34120e-16 -9.90000e+01  6.70600e-19
    7193.80  1.31450e-16 -9.90000e+01  6.57250e-19
    7228.70  1.20740e-16 -9.90000e+01  6.03700e-19
    7263.80  1.16280e-16 -9.90000e+01  5.81400e-19
    7299.20  1.21910e-16 -9.90000e+01  6.09550e-19
    7334.90  1.22360e-16 -9.90000e+01  6.11800e-19
    7370.80  1.27420e-16 -9.90000e+01  6.37100e-19
    7407.00  1.28070e-16 -9.90000e+01  6.40350e-19
    7443.40  1.17920e-16 -9.90000e+01  5.89600e-19
    7480.10  1.14700e-16 -9.90000e+01  5.73500e-19
    7517.00  1.07520e-16 -9.90000e+01  5.37600e-19
    7554.20  9.84940e-17 -9.90000e+01  4.92470e-19
    7591.70  8.03980e-17 -9.90000e+01  4.01990e-19
    7629.40  7.06890e-17 -9.90000e+01  3.53445e-19
    7667.40  6.66490e-17 -9.90000e+01  3.33245e-19
    7705.60  6.45670e-17 -9.90000e+01  3.22835e-19
    7744.10  6.86140e-17 -9.90000e+01  3.43070e-19
    7782.90  7.82840e-17 -9.90000e+01  3.91420e-19
    7822.00  8.61060e-17 -9.90000e+01  4.30530e-19
    7861.30  9.43750e-17 -9.90000e+01  4.71875e-19
    7900.90  9.98120e-17 -9.90000e+01  4.99060e-19
    7940.70  1.04160e-16 -9.90000e+01  5.20800e-19
    7980.90  1.11920e-16 -9.90000e+01  5.59600e-19
    8021.30  1.08240e-16 -9.90000e+01  5.41200e-19
    8062.00  1.03060e-16 -9.90000e+01  5.15300e-19
    8102.90  8.85770e-17 -9.90000e+01  4.42885e-19
    8144.20  7.30580e-17 -9.90000e+01  3.65290e-19
    8185.70  6.17160e-17 -9.90000e+01  3.08580e-19
    8227.50  4.78510e-17 -9.90000e+01  2.39255e-19
    8269.60  4.36450e-17 -9.90000e+01  2.18225e-19
    8311.90  3.58180e-17 -9.90000e+01  1.79090e-19
    8354.60  2.98920e-17 -9.90000e+01  1.49460e-19
    8397.50  1.91700e-17 -9.90000e+01  9.58500e-20
    8440.70  1.59040e-17 -9.90000e+01  7.95200e-20
    8484.20  2.87490e-17 -9.90000e+01  1.43745e-19
    8528.00  3.89440e-17 -9.90000e+01  1.94720e-19
    8572.10  5.48940e-17 -9.90000e+01  2.74470e-19
    8616.40  5.76300e-17 -9.90000e+01  2.88150e-19
    8661.10  6.84060e-17 -9.90000e+01  3.42030e-19
    8706.00  7.64040e-17 -9.90000e+01  3.82020e-19
    8751.30  7.81690e-17 -9.90000e+01  3.90845e-19
    8796.80  8.03050e-17 -9.90000e+01  4.01525e-19
    8842.60  7.78030e-17 -9.90000e+01  3.89015e-19
    8888.80  7.94010e-17 -9.90000e+01  3.97005e-19
    8935.20  9.20780e-17 -9.90000e+01  4.60390e-19
    8981.90  1.08040e-16 -9.90000e+01  5.40200e-19
    9028.90  1.13270e-16 -9.90000e+01  5.66350e-19
    9076.20  9.61850e-17 -9.90000e+01  4.80925e-19
    9123.90  6.97740e-17 -9.90000e+01  3.48870e-19
    9171.80  5.30670e-17 -9.90000e+01  2.65335e-19
# -------------------------------------- #
